Loss: 2.877938985824585, Precision: 0.4615384638309479, Recall: 0.4444444477558136, AUC: 0.4017093777656555, Accuracy: 0.4528301954269409
Loss: 1.5295724868774414, Precision: 0.3333333432674408, Recall: 0.260869562625885, AUC: 0.4001610279083252, Accuracy: 0.41999998688697815
